001000000000000000000000
001000010000000000000001
001000100000000000000010
001000110000000000000011
010101000011001000000000
011001000100000100000000
100110000100000000000000
100010001000100000000000
100011001000010000000000
001111011100000000000000
001000010000000000000001
010111011101000100000000
000100000001110100000000
011101110001000000000000
010101110111000100000000
010000000001000000000000
001000100000000000001101
101000000010011100000000
101100000000000000010100
111100000000000000010101
001000000000000000000001
010100000000000000000000
001000100000000000001110
101000000010011100000000
101100000000000000011010
001000000000000000000001
010100000000000000000000
001000100000000000001111
101000000010011100000000
110100000000000000011111
111100000000000000100000
001000000000000000000001
010100000000000000000000
001000100000000000001101
101000000010011100000000
110100000000000000100101
001000000000000000000001
010100000000000000000000
001000100000000000000010
010100000010000000000000
000100000010000000000000
010000000010000000000000
001000000000000000000000
001000010000000000000001
001111011110000000000000
111100000000000000110000
010100000000000100000000
111100000000000000110010
010100000000000100000000
110000001101000000000000
001010100000000000001010
001000100000000000000000
000100000010000000000000
010000000010000000000000