01100
01111
10010
00101
01101
11101
01001
10000
10011
10101
01101
11101
00100
01111
01100
01111
10010
11101
10011
01001
10100
11101
00001
01101
00101
10100
11101
00011
01111
01110
10011
00101
00011
10100
00101
10100
10101
10010
11101
00001
00100
01001
10000
01001
10011
00011
01001
01110
00111
11101
00101
01100
01001
10100
11101
10011
00101
00100
11101
00100
01111
11101
00101
01001
10101
10011
01101
01111
00100
11101
10100
00101
01101
10000
01111
10010
11101
01001
01110
00011
01001
00100
01001
00100
10101
01110
10100
11101
10101
10100
11101
01100
00001
00010
01111
10010
00101
11101
00101
10100
11101
00100
01111
01100
01111
10010
00101
11101
01101
00001
00111
01110
00001
11101
00001
01100
01001
10001
10101
00001
11101
10101
10100
11101
00101
01110
01001
01101
11101
00001
00100
11101
01101
01001
01110
01001
01101
11101
10110
00101
01110
01001
00001
01101
11101
10001
10101
01001
10011
11101
01110
01111
10011
10100
10010
10101
00100
11101
00101
11000
00101
10010
00011
01001
10100
00001
10100
01001
01111
01110
11101
10101
01100
01100
00001
01101
00011
01111
11101
01100
00001
00010
01111
10010
01001
10011
11101
01110
01001
10011
01001
11101
10101
10100
11101
00001
01100
01001
10001
10101
01001
10000
11101
00101
11000
11101
00101
00001
11101
00011
01111
01101
01101
01111
00100
01111
11101
00011
01111
01110
10011
00101
10001
10101
00001
10100
11101
00100
10101
01001
10011
11101
00001
10101
10100
00101
11101
01001
10010
10101
10010
00101
11101
00100
01111
01100
01111
10010
11101
01001
01110
11101
10010
00101
10000
10010
00101
01000
00101
01110
00100
00101
10010
01001
10100
11101
01001
01110
11101
10110
01111
01100
10101
10000
10100
00001
10100
00101
11101
10110
00101
01100
01001
10100
11101
00101
10011
10011
00101
11101
00011
01001
01100
01100
10101
01101
11101
00100
01111
01100
01111
10010
00101
11101
00101
10101
11101
00110
10101
00111
01001
00001
10100
11101
01110
10101
01100
01100
00001
11101
10000
00001
10010
01001
00001
10100
10101
10010
11101
00101
11000
00011
00101
10000
10100
00101
10101
10010
11101
10011
01001
01110
10100
11101
01111
00011
00011
00001
00101
00011
00001
10100
11101
00011
10101
10000
01001
00100
00001
10100
00001
10100
11101
01110
01111
01110
11101
10000
10010
01111
01001
00100
00101
01110
10100
11101
10011
10101
01110
10100
11101
01001
01110
11101
00011
10101
01100
10000
00001
11101
10001
10101
01001
11101
01111
00110
00110
01001
00011
01001
00001
11101
00100
00101
10011
00101
10010
10101
01110
10100
11101
01101
01111
01100
01100
01001
10100
11101
00001
01110
01001
01101
11101
01001
00100
11101
00101
10011
10100
11101
01100
00001
00010
01111
10010
10101
01101
11101
01100
01111
10010
00101
01101
11101
01001
10000
10011
10101
01101
11101
00100
01111
01100
01111
10010
11101
10011
01001
10100
11101
00001
01101
00101
10100
11101
00011
01111
01110
10011
00101
00011
10100
00101
10100
10101
10010
11101
00001
00100
01001
10000
01001
10011
00011
01001
01110
00111
11101
00101
01100
01001
10100
11101
10011
00101
00100
11101
00100
01111
11101
00101
01001
10101
10011
01101
01111
00100
11101
10100
00101
01101
10000
01111
10010
11101
01001
01110
00011
01001
00100
01001
00100
10101
01110
10100
11101
10101
10100
11101
01100
00001
00010
01111
10010
00101
11101
00101
10100
11101
00100
01111
01100
01111
10010
00101
11101
01101
00001
00111
01110
00001
11101
00001
01100
01001
10001
10101
00001
11101
10101
10100
11101
00101
01110
01001
01101
11101
00001
00100
11101
01101
01001
01110
01001
01101
11101
10110
00101
01110
01001
00001
01101
11101
10001
10101
01001
10011
11101
01110
01111
10011
10100
10010
10101
00100
11101
00101
11000
00101
10010
00011
01001
10100
00001
10100
01001
01111
01110
11101
10101
01100
01100
00001
01101
00011
01111
11101
01100
00001
00010
01111
10010
01001
10011
11101
01110
01001
10011
01001
11101
10101
10100
11101
00001
01100
01001
10001
10101
01001
10000
11101
00101
11000
11101
00101
00001
11101
00011
01111
01101
01101
01111
00100
01111
11101
00011
01111
01110
10011
00101
10001
10101
00001
10100
00000
00000
00000
00000
00000
00000
00000
00000
00000
00000
00000
00000
00000
00000
00000
00000
00000
00000
00000
00000
00000
00000
00000
00000
00000
00000
00000
00000
00000
00000
00000
00000
00000
00000
00000
00000
00000
00000
00000
00000
00000
00000
00000
00000
00000
00000
00000
00000
00000
00000
00000
00000
00000
00000
00000
00000
00000
00000
00000
00000
00000
00000
00000
00000
00000
00000
00000
00000
00000
00000
00000
00000
00000
00000
00000
00000
00000
00000
00000
00000
00000
00000
00000
00000
00000
00000
00000
00000
00000
00000
00000
00000
00000
00000
00000
00000
00000
00000
00000
00000
00000
00000
00000
00000
00000
00000
00000
00000
00000
00000
00000
00000
00000
00000
00000
00000
00000
00000
00000
00000
00000
00000
00000
00000
00000
00000
00000
00000
00000
00000
00000
00000
00000
00000
00000
00000
00000
00000
00000
00000
00000
00000
00000
00000
00000
00000
00000
00000
00000
00000
00000
00000
00000
00000
00000
00000
00000
00000
00000
00000
00000
00000
00000
00000
00000
00000
00000
00000
00000
00000
00000
00000
00000
00000
00000
00000
00000
00000
00000
00000
00000
00000
00000
00000
00000
00000
00000
00000
00000
00000
00000
00000
00000
00000
00000
00000
00000
00000
00000
00000
00000
00000
00000
00000
00000
00000
00000
00000
00000
00000
00000
00000
00000
00000
00000
00000
00000
00000
00000
00000
00000
00000
00000
00000
00000
00000
00000
00000
00000
00000
00000
00000
00000
00000
00000
00000
00000
00000
00000
00000
00000
00000
00000
00000
00000
00000
00000
00000
00000
00000
00000
00000
00000
00000
00000
00000
00000
00000
00000
00000
00000
00000
00000
00000
00000
00000
00000
00000
00000
00000
00000
00000
00000
00000
00000
00000
00000
00000
00000
00000
00000
00000
00000
00000
00000
00000
00000
00000
00000
00000
00000
00000
00000
00000
00000
00000
00000
00000
00000
00000
00000
00000
00000
00000
00000
00000
00000
00000
00000
00000
00000
00000
00000
00000
00000
00000
00000
00000
00000
00000
00000
00000
00000
00000
00000
00000
00000
00000
00000
00000
00000
00000
00000
00000
00000
00000
00000
00000
00000
00000
00000
00000
00000
00000
00000
00000
00000
00000
00000
00000
00000
00000
00000
00000
00000
00000
00000
00000
00000
00000
