001000000000011000100000
011100010000000000000000
001000000000000000000001
101000000000000100000000
101100000000000000000110
111100000000000000000000
111100000000000010110100
001010110000000000100000
001011000000010000100000
011100001011000000000000
001000010000000000000000
101000000000000100000000
101100000000000000010100
011100000000000000000000
000100001100000000000000
010000000000000000000000
001000000000000000000001
010110111011000000000000
010111001100000000000000
111100000000000000001001
111100000000001101110111
001000010000000000000000
101000000001000000000000
110100000000000000011010
111100000000000000011001
011000000001000000000000
110000001101000000000000
001000100000000000000110
010100000000001000000000
001000100000000000000001
100100000010000000000000
001000100000000000000010
100100100001001000000000
010100100010000100000000
010100100010000100000000
100100000000001000000000
110000001101000000000000
010100000011010100000000
010100010100011000000000
001111011111000000000000
111100000000000000011011
100011001100000000000000
011000000011010100000000
010100010100011000000000
001111011111000000000000
111100000000000000011011
100011001100000000000000
010100000011010100000000
011000010100011000000000
001111011111000000000000
111100000000000000011011
100011001100000000000000
011000000011010100000000
011000010100011000000000
001111011111000000000000
111100000000000000011011
100011001100000000000000
010100000011011000000000
010100010100010100000000
001111011111000000000000
111100000000000000011011
100011001100000000000000
011000000011011000000000
010100010100010100000000
001111011111000000000000
111100000000000000011011
100011001100000000000000
010100000011011000000000
011000010100010100000000
001111011111000000000000
111100000000000000011011
100011001100000000000000
011000000011011000000000
011000010100010100000000
001111011111000000000000
111100000000000000011011
100011001100000000000000
110000001010000000000000
001001010000000000000000
001101100111000000000000
001000000000000000000001
100100000111000000000000
001000010000000000000011
011010000001000000000000
001110101111000000000000
111100000000000000100101
101000000110010100000000
110100000000000001101111
001000000000000000000001
010101010101000000000000
001000000000000000000000
101000000000100000000000
110100000000000001011110
111100000000000001100111
001000000000000000000001
011001100110000000000000
001000000000000000001010
010110001000000000000000
011000000101011000000000
001000010000000000000010
100100000000000100000000
010110001000000000000000
111100000000000001101100
001000000000000000000110
010110001000000000000000
001000000000000000000010
100100000101000000000000
010110001000000000000000
001110101111000000000000
111100000000000000100101
111100000000000001010110
110000001110000000000000
011010101000011000000000
001100001010000000000000
001111011111000000000000
111100000000000000010101
001110100000000000000000
011000001001011100000000
001111011111000000000000
111100000000000000010101
101000000000101000000000
110100000000000001111011
111100000000000001111101
001010100000000000000001
111100000000000001111110
001010100000000000000000
001000000000000000000000
101000001010000000000000
101100000000000010000010
111100000000000010001000
001100000110000000000000
001101100111000000000000
001101110000000000000000
001100001000000000000000
001110001001000000000000
001110010000000000000000
011001001000011000000000
011010011001011100000000
001001010000000000000001
001000000000000000000000
101000001001000000000000
110100000000000010001111
111100000000000010010010
001000010000000000000001
011001010000000100000000
011010010000100100000000
011001001001010000000000
010100111001010000000000
001101110111000000000000
001101100110000000000000
101000001000011000000000
110100000000000010110011
001000010000000000000001
101000001010000100000000
101100000000000010011100
111100000000000010100001
001100000110000000000000
001100010111000000000000
001111011111000000000000
111100000000000000011011
111100000000000010100101
001100000111000000000000
001100010110000000000000
001111011111000000000000
111100000000000000011011
100011001100000000000000
001000000000000000000000
101000000000001100000000
110100000000000010101010
111100000000000010101110
010101110111010100000000
010100110011010000000000
010100110011010000000000
111100000000000010110000
010100110011100100000000
010100110011100100000000
001000000000000000000001
010101100110000000000000
111100000000000010010110
110000001110000000000000
001010110000000000000001
001011000000000000000000
001001100000000000000000
001001110000000000000000
001010000000000000000100
001010010000000000000000
001111101111000000000000
111100000000000001110000
001001100000000000000000
001001110000000000000011
001010000000000000000100
001010010000000000000011
001111101111000000000000
111100000000000001110000
001001100000000000000000
001001110000000000000000
001010000000000000000000
001010010000000000000100
001111101111000000000000
111100000000000001110000
001001100000000000000100
001001110000000000000000
001010000000000000000100
001010010000000000000100
001111101111000000000000
111100000000000001110000
000100001011110000000000
001000000000000000000001
010110111011000000000000
001011000000000000000000
001001100000000000000000
001001110000000000000000
001010000000000000000011
001010010000000000000000
001111101111000000000000
111100000000000001110000
001001100000000000000000
001001110000000000000010
001010000000000000000100
001010010000000000000010
001111101111000000000000
111100000000000001110000
001001100000000000000000
001001110000000000000100
001010000000000000000100
001010010000000000000100
001111101111000000000000
111100000000000001110000
001001100000000000000000
001001110000000000000000
001010000000000000000000
001010010000000000000100
001111101111000000000000
111100000000000001110000
001001100000000000000011
001001110000000000000000
001010000000000000000011
001010010000000000000010
001111101111000000000000
111100000000000001110000
001001100000000000000100
001001110000000000000010
001010000000000000000100
001010010000000000000100
001111101111000000000000
111100000000000001110000
000100001011110000000000
001000000000000000000001
010110111011000000000000
001011000000000000000000
001001100000000000000000
001001110000000000000000
001010000000000000000100
001010010000000000000000
001111101111000000000000
111100000000000001110000
001001100000000000000000
001001110000000000000100
001010000000000000000100
001010010000000000000100
001111101111000000000000
111100000000000001110000
001001100000000000000000
001001110000000000000000
001010000000000000000000
001010010000000000000100
001111101111000000000000
111100000000000001110000
000100001011110000000000
001000000000000000000001
010110111011000000000000
001011000000000000000000
001001100000000000000000
001001110000000000000000
001010000000000000000000
001010010000000000000100
001111101111000000000000
111100000000000001110000
001001100000000000000100
001001110000000000000001
001010000000000000000100
001010010000000000000011
001111101111000000000000
111100000000000001110000
001001100000000000000000
001001110000000000000000
001010000000000000000100
001010010000000000000001
001111101111000000000000
111100000000000001110000
001001100000000000000000
001001110000000000000100
001010000000000000000100
001010010000000000000011
001111101111000000000000
111100000000000001110000
000100001011110000000000
001000000000000000000001
010110111011000000000000
001011000000000000000000
001001100000000000000000
001001110000000000000000
001010000000000000000100
001010010000000000000000
001111101111000000000000
111100000000000001110000
001001100000000000000000
001001110000000000000010
001010000000000000000100
001010010000000000000010
001111101111000000000000
111100000000000001110000
001001100000000000000000
001001110000000000000100
001010000000000000000100
001010010000000000000100
001111101111000000000000
111100000000000001110000
001001100000000000000000
001001110000000000000000
001010000000000000000000
001010010000000000000100
001111101111000000000000
111100000000000001110000
000100001011110000000000
001000000000000000000001
010110111011000000000000
001011000000000000000000
001001100000000000000000
001001110000000000000000
001010000000000000000100
001010010000000000000000
001111101111000000000000
111100000000000001110000
001001100000000000000000
001001110000000000000010
001010000000000000000100
001010010000000000000010
001111101111000000000000
111100000000000001110000
001001100000000000000000
001001110000000000000000
001010000000000000000000
001010010000000000000100
001111101111000000000000
111100000000000001110000
000100001011110000000000
001000000000000000000001
010110111011000000000000
001011000000000000000000
001001100000000000000000
001001110000000000000000
001010000000000000000100
001010010000000000000000
001111101111000000000000
111100000000000001110000
001001100000000000000010
001001110000000000000010
001010000000000000000100
001010010000000000000010
001111101111000000000000
111100000000000001110000
001001100000000000000000
001001110000000000000100
001010000000000000000100
001010010000000000000100
001111101111000000000000
111100000000000001110000
001001100000000000000000
001001110000000000000000
001010000000000000000000
001010010000000000000100
001111101111000000000000
111100000000000001110000
001001100000000000000100
001001110000000000000010
001010000000000000000100
001010010000000000000100
001111101111000000000000
111100000000000001110000
000100001011110000000000
001000000000000000000001
010110111011000000000000
001011000000000000000000
001001100000000000000000
001001110000000000000010
001010000000000000000100
001010010000000000000010
001111101111000000000000
111100000000000001110000
001001100000000000000000
001001110000000000000000
001010000000000000000000
001010010000000000000100
001111101111000000000000
111100000000000001110000
001001100000000000000100
001001110000000000000000
001010000000000000000100
001010010000000000000100
001111101111000000000000
111100000000000001110000
000100001011110000000000
001000000000000000000001
010110111011000000000000
001011000000000000000000
001001100000000000000000
001001110000000000000000
001010000000000000000100
001010010000000000000000
001111101111000000000000
111100000000000001110000
001001100000000000000000
001001110000000000000100
001010000000000000000100
001010010000000000000100
001111101111000000000000
111100000000000001110000
001001100000000000000010
001001110000000000000000
001010000000000000000010
001010010000000000000100
001111101111000000000000
111100000000000001110000
000100001011110000000000
001000000000000000000001
010110111011000000000000
001011000000000000000000
001001100000000000000001
001001110000000000000000
001010000000000000000100
001010010000000000000000
001111101111000000000000
111100000000000001110000
001001100000000000000010
001001110000000000000000
001010000000000000000010
001010010000000000000100
001111101111000000000000
111100000000000001110000
001001100000000000000000
001001110000000000000100
001010000000000000000010
001010010000000000000100
001111101111000000000000
111100000000000001110000
000100001011110000000000
001000000000000000000001
010110111011000000000000
001011000000000000000000
001001100000000000000000
001001110000000000000000
001010000000000000000000
001010010000000000000100
001111101111000000000000
111100000000000001110000
001001100000000000000001
001001110000000000000010
001010000000000000000100
001010010000000000000000
001111101111000000000000
111100000000000001110000
001001100000000000000001
001001110000000000000010
001010000000000000000100
001010010000000000000100
001111101111000000000000
111100000000000001110000
000100001011110000000000
001000000000000000000001
010110111011000000000000
001011000000000000000000
001001100000000000000000
001001110000000000000000
001010000000000000000000
001010010000000000000100
001111101111000000000000
111100000000000001110000
001001100000000000000000
001001110000000000000100
001010000000000000000100
001010010000000000000100
001111101111000000000000
111100000000000001110000
000100001011110000000000
001000000000000000000001
010110111011000000000000
001011000000000000000000
001001100000000000000000
001001110000000000000000
001010000000000000000000
001010010000000000000100
001111101111000000000000
111100000000000001110000
001001100000000000000100
001001110000000000000000
001010000000000000000100
001010010000000000000100
001111101111000000000000
111100000000000001110000
001001100000000000000000
001001110000000000000000
001010000000000000000010
001010010000000000000011
001111101111000000000000
111100000000000001110000
001001100000000000000100
001001110000000000000000
001010000000000000000010
001010010000000000000011
001111101111000000000000
111100000000000001110000
000100001011110000000000
001000000000000000000001
010110111011000000000000
001011000000000000000000
001001100000000000000000
001001110000000000000000
001010000000000000000000
001010010000000000000100
001111101111000000000000
111100000000000001110000
001001100000000000000100
001001110000000000000000
001010000000000000000100
001010010000000000000100
001111101111000000000000
111100000000000001110000
001001100000000000000000
001001110000000000000000
001010000000000000000100
001010010000000000000100
001111101111000000000000
111100000000000001110000
000100001011110000000000
001000000000000000000001
010110111011000000000000
001011000000000000000000
001001100000000000000000
001001110000000000000001
001010000000000000000000
001010010000000000000011
001111101111000000000000
111100000000000001110000
001001100000000000000001
001001110000000000000000
001010000000000000000011
001010010000000000000000
001111101111000000000000
111100000000000001110000
001001100000000000000001
001001110000000000000100
001010000000000000000011
001010010000000000000100
001111101111000000000000
111100000000000001110000
001001100000000000000100
001001110000000000000001
001010000000000000000100
001010010000000000000011
001111101111000000000000
111100000000000001110000
000100001011110000000000
001000000000000000000001
010110111011000000000000
001011000000000000000000
001001100000000000000000
001001110000000000000000
001010000000000000000000
001010010000000000000100
001111101111000000000000
111100000000000001110000
001001100000000000000001
001001110000000000000000
001010000000000000000100
001010010000000000000000
001111101111000000000000
111100000000000001110000
001001100000000000000001
001001110000000000000011
001010000000000000000100
001010010000000000000011
001111101111000000000000
111100000000000001110000
001001100000000000000100
001001110000000000000000
001010000000000000000100
001010010000000000000011
001111101111000000000000
111100000000000001110000
000100001011110000000000
001000000000000000000001
010110111011000000000000
001011000000000000000000
001001100000000000000000
001001110000000000000001
001010000000000000000000
001010010000000000000011
001111101111000000000000
111100000000000001110000
001001100000000000000001
001001110000000000000000
001010000000000000000011
001010010000000000000000
001111101111000000000000
111100000000000001110000
001001100000000000000001
001001110000000000000100
001010000000000000000011
001010010000000000000100
001111101111000000000000
111100000000000001110000
001001100000000000000100
001001110000000000000001
001010000000000000000100
001010010000000000000011
001111101111000000000000
111100000000000001110000
001001100000000000000011
001001110000000000000011
001010000000000000000100
001010010000000000000100
001111101111000000000000
111100000000000001110000
000100001011110000000000
001000000000000000000001
010110111011000000000000
001011000000000000000000
001001100000000000000000
001001110000000000000000
001010000000000000000000
001010010000000000000100
001111101111000000000000
111100000000000001110000
001001100000000000000001
001001110000000000000000
001010000000000000000100
001010010000000000000000
001111101111000000000000
111100000000000001110000
001001100000000000000001
001001110000000000000011
001010000000000000000100
001010010000000000000011
001111101111000000000000
111100000000000001110000
001001100000000000000100
001001110000000000000000
001010000000000000000100
001010010000000000000011
001111101111000000000000
111100000000000001110000
001001100000000000000011
001001110000000000000011
001010000000000000000100
001010010000000000000100
001111101111000000000000
111100000000000001110000
000100001011110000000000
001000000000000000000001
010110111011000000000000
001011000000000000000000
001001100000000000000000
001001110000000000000000
001010000000000000000000
001010010000000000000010
001111101111000000000000
111100000000000001110000
001001100000000000000100
001001110000000000000010
001010000000000000000100
001010010000000000000100
001111101111000000000000
111100000000000001110000
001001100000000000000000
001001110000000000000000
001010000000000000000100
001010010000000000000000
001111101111000000000000
111100000000000001110000
001001100000000000000000
001001110000000000000100
001010000000000000000100
001010010000000000000100
001111101111000000000000
111100000000000001110000
001001100000000000000000
001001110000000000000010
001010000000000000000100
001010010000000000000010
001111101111000000000000
111100000000000001110000
000100001011110000000000
001000000000000000000001
010110111011000000000000
001011000000000000000000
001001100000000000000000
001001110000000000000000
001010000000000000000100
001010010000000000000000
001111101111000000000000
111100000000000001110000
001001100000000000000010
001001110000000000000000
001010000000000000000010
001010010000000000000100
001111101111000000000000
111100000000000001110000
000100001011110000000000
001000000000000000000001
010110111011000000000000
001011000000000000000000
001001100000000000000000
001001110000000000000000
001010000000000000000000
001010010000000000000100
001111101111000000000000
111100000000000001110000
001001100000000000000100
001001110000000000000000
001010000000000000000100
001010010000000000000100
001111101111000000000000
111100000000000001110000
001001100000000000000000
001001110000000000000100
001010000000000000000100
001010010000000000000100
001111101111000000000000
111100000000000001110000
000100001011110000000000
001000000000000000000001
010110111011000000000000
001011000000000000000000
001001100000000000000000
001001110000000000000000
001010000000000000000010
001010010000000000000100
001111101111000000000000
111100000000000001110000
001001100000000000000100
001001110000000000000000
001010000000000000000010
001010010000000000000100
001111101111000000000000
111100000000000001110000
000100001011110000000000
001000000000000000000001
010110111011000000000000
001011000000000000000000
001001100000000000000000
001001110000000000000000
001010000000000000000000
001010010000000000000100
001111101111000000000000
111100000000000001110000
001001100000000000000010
001001110000000000000000
001010000000000000000010
001010010000000000000100
001111101111000000000000
111100000000000001110000
001001100000000000000100
001001110000000000000000
001010000000000000000100
001010010000000000000100
001111101111000000000000
111100000000000001110000
001001100000000000000000
001001110000000000000100
001010000000000000000100
001010010000000000000100
001111101111000000000000
111100000000000001110000
000100001011110000000000
001000000000000000000001
010110111011000000000000
001011000000000000000000
001001100000000000000000
001001110000000000000000
001010000000000000000100
001010010000000000000100
001111101111000000000000
111100000000000001110000
001001100000000000000100
001001110000000000000000
001010000000000000000000
001010010000000000000100
001111101111000000000000
111100000000000001110000
000100001011110000000000
001000000000000000000001
010110111011000000000000
001011000000000000000000
001001100000000000000000
001001110000000000000000
001010000000000000000010
001010010000000000000010
001111101111000000000000
111100000000000001110000
001001100000000000000100
001001110000000000000000
001010000000000000000010
001010010000000000000010
001111101111000000000000
111100000000000001110000
001001100000000000000010
001001110000000000000011
001010000000000000000010
001010010000000000000100
001111101111000000000000
111100000000000001110000
000100001011110000000000
001000000000000000000001
010110111011000000000000
001011000000000000000000
001001100000000000000000
001001110000000000000000
001010000000000000000100
001010010000000000000000
001111101111000000000000
111100000000000001110000
001001100000000000000100
001001110000000000000000
001010000000000000000000
001010010000000000000100
001111101111000000000000
111100000000000001110000
001001100000000000000000
001001110000000000000100
001010000000000000000100
001010010000000000000100
001111101111000000000000
111100000000000001110000
000100001011110000000000
001000000000000000000001
010110111011000000000000
001011000000000000000000
001000110000000000000010
001001000000000000000010
001001110000000000000010
001111101111000000000000
111100000000000001001110
000100001011110000000000
001000000000000000000001
010110111011000000000000
001011000000000000000000
001001100000000000000010
001001110000000000000000
001010000000000000000010
001010010000000000000001
001111101111000000000000
111100000000000001110000
001001100000000000000010
001001110000000000000011
001010000000000000000010
001010010000000000000100
001111101111000000000000
111100000000000001110000
001001100000000000000000
001001110000000000000010
001010000000000000000001
001010010000000000000010
001111101111000000000000
111100000000000001110000
001001100000000000000011
001001110000000000000010
001010000000000000000100
001010010000000000000010
001111101111000000000000
111100000000000001110000
001001100000000000000000
001001110000000000000010
001010000000000000000000
001010010000000000000100
001111101111000000000000
111100000000000001110000
000100001011110000000000
001000000000000000000001
010110111011000000000000
001011000000000000000000
001011000000000000000000
000100001011110000000000
001000000000000000000001
010110111011000000000000
001011000000000000000000
111100000000000000000111
000000000000000000000000