001010110000000001100100
001011000000000000000000
011100001011000000000000
001000010000000000000000
101000000000000100000000
101100000000000000001011
111100000000000001011110
000100001011110000000000
001000000000000000000001
010110111011000000000000
111100000000000000000010
111100000000000001111011
001000010000000000000000
101000000001000000000000
110100000000000000010000
111100000000000000010001
011000000001000000000000
110000001101000000000000
001000100000000000000001
100100000010000000000000
001000100000000000000010
100100100001001000000000
010100100010000100000000
100100000000001000000000
110000001101000000000000
011010101000011000000000
001100001010000000000000
001111011111000000000000
111100000000000000001100
001110100000000000000000
011000001001011100000000
001111011111000000000000
111100000000000000001100
101000000000101000000000
110100000000000000100100
111100000000000000100110
001010100000000000000001
111100000000000000100111
001010100000000000000000
001000000000000000000000
101000001010000000000000
101100000000000000101011
111100000000000000110001
001100000110000000000000
001101100111000000000000
001101110000000000000000
001100001000000000000000
001110001001000000000000
001110010000000000000000
011001001000011000000000
011010011001011100000000
001001010000000000000001
001000000000000000000000
101000001001000000000000
110100000000000000111000
111100000000000000111011
001000010000000000000001
011001000000000100000000
001110010000100100000000
011001001001010000000000
010100111001010000000000
001101110111000000000000
001101100110000000000000
001000000000000000000001
010110001000000000000000
101000001000011000000000
110100000000000001011101
101000001010000100000000
101100000000000001000110
111100000000000001001011
001100000110000000000000
001100010111000000000000
001111011111000000000000
111100000000000000010010
111100000000000001001111
001100000111000000000000
001100010110000000000000
001111011111000000000000
111100000000000000010010
100011001100000000000000
001000000000000000000000
101000000000001100000000
110100000000000001010100
111100000000000001011000
010101110111010100000000
010100110011010000000000
010100110011010000000000
111100000000000001011010
010100110011100100000000
010100110011100100000000
001000000000000000000001
010101100110000000000000
111100000000000001000001
110000001110000000000000
001011000000000000000000
001000010000000001000001
101000000000000100000000
101100000000000001100010
001001100000000000000000
001001110000000000000000
001010000000000000000100
001010010000000000000000
001111101111000000000000
111100000000000000011001
001001100000000000000000
001001110000000000000011
001010000000000000000100
001010010000000000000011
001111101111000000000000
111100000000000000011001
001001100000000000000000
001001110000000000000000
001010000000000000000000
001010010000000000000100
001111101111000000000000
111100000000000000011001
001001100000000000000100
001001110000000000000000
001010000000000000000100
001010010000000000000100
001111101111000000000000
111100000000000000011001
111100000000000000000111
001000000000000000000000
000000000000000000000000